#iter energy            energy_diff  abs_dens     rel_dens     abs_ev       rel_ev      
    1   -8.81024802E-01  8.81025E-01  1.90275E+00  1.90275E+00  1.19464E-01  1.82062E-01
    2   -8.24458299E-01  5.65665E-02  5.98923E-02  5.98923E-02  6.81247E-02  1.15849E-01
    3   -6.19014344E-01  2.05444E-01  2.30898E-02  2.30898E-02  2.02216E-01  5.24106E-01
    4   -6.44810988E-01  2.57966E-02  2.60492E-03  2.60492E-03  2.55415E-02  6.20886E-02
    5   -6.46456081E-01  1.64509E-03  4.90258E-04  4.90258E-04  1.63346E-03  3.95506E-03
    6   -6.46631756E-01  1.75676E-04  3.67687E-04  3.67687E-04  2.40168E-04  5.81175E-04
    7   -6.46585672E-01  4.60845E-05  1.21190E-04  1.21190E-04  2.30691E-05  5.58274E-05
    8   -6.46623738E-01  3.80665E-05  1.81940E-04  1.81940E-04  4.85168E-06  1.17409E-05
    9   -6.46600408E-01  2.33299E-05  4.09982E-05  4.09982E-05  2.27648E-05  5.50932E-05
   10   -6.46614465E-01  1.40562E-05  6.34652E-05  6.34652E-05  7.39816E-06  1.79040E-05
   11   -6.46604250E-01  1.02143E-05  5.51011E-05  5.51011E-05  5.88658E-06  1.42461E-05
   12   -6.46607885E-01  3.63438E-06  4.98572E-05  4.98572E-05  4.14647E-06  1.00350E-05
   13   -6.46579898E-01  2.79865E-05  7.21922E-05  7.21922E-05  1.68027E-05  4.06662E-05
   14   -6.46605957E-01  2.60584E-05  7.93460E-05  7.93460E-05  1.36338E-05  3.29957E-05
   15   -6.46604873E-01  1.08313E-06  2.70857E-05  2.70857E-05  1.46922E-06  3.55572E-06
   16   -6.46601882E-01  2.99173E-06  9.84272E-06  9.84272E-06  3.45933E-06  8.37212E-06
   17   -6.46600576E-01  1.30524E-06  1.17011E-05  1.17011E-05  2.65167E-06  6.41749E-06
   18   -6.46602567E-01  1.99077E-06  1.03237E-05  1.03237E-05  2.75676E-07  6.67184E-07
   19   -6.46594827E-01  7.74061E-06  8.51224E-06  8.51224E-06  8.54774E-06  2.06874E-05
   20   -6.46594123E-01  7.03463E-07  1.13180E-05  1.13180E-05  2.47642E-06  5.99352E-06
   21   -6.46593264E-01  8.58716E-07  1.28558E-05  1.28558E-05  1.34280E-06  3.24989E-06
   22   -6.46593221E-01  4.37641E-08  2.53170E-06  2.53170E-06  1.81850E-07  4.40118E-07
   23   -6.46593633E-01  4.12705E-07  2.87507E-06  2.87507E-06  1.82485E-07  4.41655E-07
   24   -6.46594120E-01  4.86190E-07  3.31501E-06  3.31501E-06  1.45488E-07  3.52114E-07
   25   -6.46595344E-01  1.22461E-06  7.55000E-06  7.55000E-06  1.82503E-08  4.41698E-08
   26   -6.46594088E-01  1.25624E-06  8.53239E-06  8.53239E-06  4.95755E-08  1.19984E-07
   27   -6.46593528E-01  5.59715E-07  3.68515E-06  3.68515E-06  1.06365E-07  2.57426E-07
   28   -6.46593096E-01  4.32026E-07  4.79374E-06  4.79374E-06  6.04828E-08  1.46382E-07
   29   -6.46593774E-01  6.77943E-07  4.30106E-06  4.30106E-06  1.40684E-08  3.40486E-08
   30   -6.46593692E-01  8.17766E-08  2.14960E-06  2.14960E-06  9.62728E-09  2.33002E-08
   31   -6.46593984E-01  2.91425E-07  2.43738E-06  2.43738E-06  3.48915E-09  8.44452E-09
   32   -6.46593499E-01  4.84691E-07  3.37063E-06  3.37063E-06  3.45171E-09  8.35390E-09
   33   -6.46593779E-01  2.79592E-07  1.81939E-06  1.81939E-06  1.63049E-08  3.94615E-08
   34   -6.46593205E-01  5.73427E-07  4.00960E-06  4.00960E-06  1.34590E-09  3.25737E-09
   35   -6.46593482E-01  2.76902E-07  2.72107E-06  2.72107E-06  1.39255E-09  3.37029E-09
   36   -6.46594127E-01  6.45222E-07  4.19427E-06  4.19427E-06  1.90461E-08  4.60957E-08
   37   -6.46593707E-01  4.19946E-07  3.01326E-06  3.01326E-06  4.13355E-08  1.00041E-07
   38   -6.46593737E-01  2.93330E-08  1.53529E-06  1.53529E-06  1.03065E-08  2.49439E-08
   39   -6.46593717E-01  1.98948E-08  1.44426E-06  1.44426E-06  1.83583E-08  4.44312E-08
   40   -6.46593782E-01  6.52097E-08  1.16561E-06  1.16561E-06  1.53372E-08  3.71194E-08
   41   -6.46593782E-01  3.84178E-10  9.29555E-07  9.29555E-07  3.79586E-08  9.18681E-08
   42   -6.46593805E-01  2.36232E-08  1.03465E-06  1.03465E-06  3.26820E-08  7.90977E-08
   43   -6.46593909E-01  1.03881E-07  9.46529E-07  9.46529E-07  4.68100E-08  1.13291E-07
   44   -6.46593843E-01  6.57657E-08  7.24470E-07  7.24470E-07  2.00937E-08  4.86313E-08
