#iter energy            energy_diff  abs_dens     rel_dens     abs_ev       rel_ev      
    1    2.78440345E-01  2.78440E-01  5.13743E-01  5.13743E-01  1.64735E+00  5.91634E+00
    2    1.08731701E-01  1.69709E-01  5.63551E-03  5.63551E-03  1.69709E-01  1.56080E+00
    3    7.09373272E-02  3.77944E-02  1.02494E-02  1.02494E-02  3.77944E-02  5.32785E-01
    4    5.86402952E-02  1.22970E-02  1.36796E-02  1.36796E-02  1.22970E-02  2.09703E-01
    5    5.39124614E-02  4.72783E-03  1.57209E-02  1.57209E-02  4.72783E-03  8.76946E-02
    6    5.28793900E-02  1.03307E-03  5.82027E-03  5.82027E-03  1.03307E-03  1.95364E-02
    7    5.08764443E-02  2.00295E-03  2.05014E-02  2.05014E-02  2.00295E-03  3.93688E-02
    8    5.06530646E-02  2.23380E-04  3.08228E-03  3.08228E-03  2.23380E-04  4.41000E-03
    9    4.98269967E-02  8.26068E-04  2.31099E-02  2.31099E-02  8.26068E-04  1.65787E-02
   10    4.97570928E-02  6.99039E-05  2.17005E-03  2.17005E-03  6.99039E-05  1.40490E-03
   11    4.95815313E-02  1.75562E-04  1.02414E-02  1.02414E-02  1.75562E-04  3.54087E-03
   12    4.95445796E-02  3.69517E-05  1.79382E-03  1.79382E-03  3.69517E-05  7.45827E-04
   13    4.94620343E-02  8.25453E-05  5.40145E-03  5.40145E-03  8.25453E-05  1.66886E-03
   14    4.94373924E-02  2.46419E-05  1.67043E-03  1.67043E-03  2.46419E-05  4.98446E-04
   15    4.93921591E-02  4.52333E-05  3.77280E-03  3.77280E-03  4.52333E-05  9.15800E-04
   16    4.93719015E-02  2.02575E-05  1.66118E-03  1.66118E-03  2.02575E-05  4.10305E-04
   17    4.93571466E-02  1.47550E-05  1.32922E-03  1.32922E-03  1.47550E-05  2.98943E-04
   18    4.92685858E-02  8.85608E-05  9.80416E-03  9.80416E-03  8.85608E-05  1.79751E-03
   19    4.92611129E-02  7.47292E-06  8.40280E-04  8.40280E-04  7.47292E-06  1.51700E-04
   20    4.92413177E-02  1.97952E-05  2.98286E-03  2.98286E-03  1.97952E-05  4.02004E-04
   21    4.92352562E-02  6.06149E-06  9.28434E-04  9.28434E-04  6.06149E-06  1.23113E-04
   22    4.92272944E-02  7.96177E-06  1.36901E-03  1.36901E-03  7.96177E-06  1.61735E-04
   23    4.92188312E-02  8.46319E-06  1.58824E-03  1.58824E-03  8.46319E-06  1.71950E-04
   24    4.92149753E-02  3.85595E-06  7.10674E-04  7.10674E-04  3.85595E-06  7.83490E-05
   25    4.92061007E-02  8.87461E-06  1.92190E-03  1.92190E-03  8.87461E-06  1.80356E-04
   26    4.92034165E-02  2.68421E-06  5.63865E-04  5.63865E-04  2.68421E-06  5.45533E-05
   27    4.91960902E-02  7.32624E-06  1.86318E-03  1.86318E-03  7.32624E-06  1.48919E-04
   28    4.91946108E-02  1.47946E-06  3.44523E-04  3.44523E-04  1.47946E-06  3.00737E-05
   29    4.91777133E-02  1.68975E-05  6.31451E-03  6.31451E-03  1.68975E-05  3.43600E-04
   30    4.91769207E-02  7.92597E-07  1.93245E-04  1.93245E-04  7.92597E-07  1.61173E-05
   31    4.91728842E-02  4.03648E-06  3.00645E-03  3.00645E-03  4.03648E-06  8.20875E-05
   32    4.91727252E-02  1.59059E-07  9.67868E-05  9.67868E-05  1.59059E-07  3.23469E-06
   33    4.91717471E-02  9.78111E-07  1.38691E-03  1.38691E-03  9.78111E-07  1.98917E-05
   34    4.91716991E-02  4.79408E-08  5.08512E-05  5.08512E-05  4.79408E-08  9.74967E-07
   35    4.91716097E-02  8.94083E-08  1.84681E-04  1.84681E-04  8.94083E-08  1.81829E-06
   36    4.91714877E-02  1.21993E-07  2.97200E-04  2.97200E-04  1.21993E-07  2.48097E-06
   37    4.91714748E-02  1.29242E-08  3.12562E-05  3.12562E-05  1.29242E-08  2.62840E-07
   38    4.91712809E-02  1.93863E-07  7.67537E-04  7.67537E-04  1.93863E-07  3.94260E-06
   39    4.91712775E-02  3.39393E-09  1.34027E-05  1.34027E-05  3.39393E-09  6.90226E-08
   40    4.91712614E-02  1.61730E-08  1.32886E-04  1.32886E-04  1.61730E-08  3.28912E-07
   41    4.91712595E-02  1.88652E-09  1.61115E-05  1.61115E-05  1.88652E-09  3.83663E-08
   42    4.91712569E-02  2.61111E-09  2.78143E-05  2.78143E-05  2.61111E-09  5.31023E-08
   43    4.91712556E-02  1.25800E-09  1.33350E-05  1.33350E-05  1.25800E-09  2.55841E-08
   44    4.91712525E-02  3.11918E-09  3.77483E-05  3.77483E-05  3.11918E-09  6.34351E-08
   45    4.91712519E-02  5.50215E-10  6.44086E-06  6.44086E-06  5.50215E-10  1.11898E-08
   46    4.91712438E-02  8.12143E-09  1.46338E-04  1.46338E-04  8.12143E-09  1.65166E-07
   47    4.91712436E-02  1.66379E-10  3.04354E-06  3.04354E-06  1.66379E-10  3.38367E-09
   48    4.91712428E-02  8.69087E-10  2.58276E-05  2.58276E-05  8.69087E-10  1.76747E-08
   49    4.91712427E-02  1.08913E-10  2.92135E-06  2.92135E-06  1.08913E-10  2.21498E-09
   50    4.91712426E-02  7.71980E-11  2.43995E-06  2.43995E-06  7.71980E-11  1.56998E-09
   51    4.91712421E-02  4.72653E-10  1.66285E-05  1.66285E-05  4.72653E-10  9.61239E-09
   52    4.91712419E-02  2.03802E-10  7.58997E-06  7.58997E-06  2.03802E-10  4.14474E-09
   53    4.91712418E-02  8.33840E-11  3.09096E-06  3.09096E-06  8.33840E-11  1.69579E-09
   54    4.91712418E-02  6.04786E-11  2.23336E-06  2.23336E-06  6.04786E-11  1.22996E-09
   55    4.91712416E-02  1.92667E-10  7.64406E-06  7.64406E-06  1.92667E-10  3.91828E-09
   56    4.91712415E-02  3.61585E-11  1.32762E-06  1.32762E-06  3.61585E-11  7.35358E-10
   57    4.91712413E-02  2.54707E-10  1.06333E-05  1.06333E-05  2.54707E-10  5.17999E-09
   58    4.91712413E-02  2.65181E-11  8.78235E-07  8.78235E-07  2.65181E-11  5.39301E-10
   59    4.91712411E-02  1.24789E-10  4.54882E-06  4.54882E-06  1.24789E-10  2.53784E-09
   60    4.91712411E-02  8.24218E-11  2.79045E-06  2.79045E-06  8.24218E-11  1.67622E-09
   61    4.91712410E-02  2.55634E-11  8.03295E-07  8.03295E-07  2.55634E-11  5.19884E-10
   62    4.91712410E-02  2.63951E-11  8.10433E-07  8.10433E-07  2.63951E-11  5.36800E-10
