#iter energy            energy_diff  abs_dens     rel_dens     abs_ev       rel_ev      
    1    6.78827063E+00  6.78827E+00  2.05987E+00  1.02994E+00  9.63354E+01  1.41914E+01
    2    1.40831059E+00  5.37996E+00  1.52219E+00  7.61096E-01  5.37996E+00  3.82015E+00
    3    1.07564519E+00  3.32665E-01  6.51734E-01  3.25867E-01  3.32665E-01  3.09271E-01
    4    1.01964238E+00  5.60028E-02  1.09041E-01  5.45207E-02  5.60028E-02  5.49240E-02
    5    1.00534675E+00  1.42956E-02  2.07183E-02  1.03591E-02  1.42956E-02  1.42196E-02
    6    1.00231719E+00  3.02955E-03  1.40205E-02  7.01025E-03  3.02955E-03  3.02255E-03
    7    1.00112498E+00  1.19222E-03  1.37977E-02  6.89885E-03  1.19222E-03  1.19088E-03
    8    1.00045968E+00  6.65301E-04  3.56197E-03  1.78099E-03  6.65301E-04  6.64995E-04
    9    1.00025780E+00  2.01878E-04  2.31061E-03  1.15531E-03  2.01878E-04  2.01826E-04
   10    1.00014726E+00  1.10533E-04  1.82118E-03  9.10589E-04  1.10533E-04  1.10517E-04
   11    1.00008712E+00  6.01404E-05  5.27627E-04  2.63814E-04  6.01404E-05  6.01352E-05
   12    1.00005331E+00  3.38181E-05  4.67280E-04  2.33640E-04  3.38181E-05  3.38163E-05
   13    1.00002969E+00  2.36175E-05  3.73933E-04  1.86967E-04  2.36175E-05  2.36168E-05
   14    1.00001770E+00  1.19881E-05  4.63239E-04  2.31619E-04  1.19881E-05  1.19879E-05
   15    1.00001064E+00  7.05639E-06  1.34476E-04  6.72379E-05  7.05639E-06  7.05631E-06
   16    1.00000640E+00  4.24269E-06  1.23551E-04  6.17755E-05  4.24269E-06  4.24266E-06
   17    1.00000386E+00  2.54027E-06  8.18665E-05  4.09332E-05  2.54027E-06  2.54026E-06
   18    1.00000230E+00  1.55656E-06  5.61589E-05  2.80794E-05  1.55656E-06  1.55656E-06
   19    1.00000136E+00  9.39332E-07  7.82298E-05  3.91149E-05  9.39332E-07  9.39331E-07
   20    1.00000073E+00  6.33488E-07  8.37413E-05  4.18706E-05  6.33488E-07  6.33488E-07
   21    1.00000033E+00  4.02775E-07  2.34768E-04  1.17384E-04  4.02775E-07  4.02775E-07
   22    1.00000018E+00  1.47215E-07  1.84062E-04  9.20308E-05  1.47215E-07  1.47215E-07
   23    1.00000006E+00  1.21038E-07  4.74768E-05  2.37384E-05  1.21038E-07  1.21038E-07
   24    1.00000002E+00  3.55070E-08  5.81418E-05  2.90709E-05  3.55070E-08  3.55070E-08
   25    1.00000001E+00  1.24089E-08  1.14606E-05  5.73030E-06  1.24089E-08  1.24089E-08
   26    1.00000001E+00  5.53406E-09  1.07117E-05  5.35586E-06  5.53406E-09  5.53406E-09
   27    1.00000000E+00  2.83294E-09  5.22370E-06  2.61185E-06  2.83294E-09  2.83294E-09
   28    1.00000000E+00  1.58181E-09  5.77993E-06  2.88997E-06  1.58181E-09  1.58181E-09
   29    1.00000000E+00  7.92670E-10  2.31453E-06  1.15727E-06  7.92670E-10  7.92670E-10
   30    1.00000000E+00  4.60550E-10  1.89444E-06  9.47222E-07  4.60550E-10  4.60550E-10
   31    1.00000000E+00  2.44142E-10  8.89803E-07  4.44902E-07  2.44142E-10  2.44142E-10
