#iter energy            energy_diff  abs_dens     rel_dens     abs_ev       rel_ev      
    1    7.57715223E-01  7.57715E-01  2.12982E-01  2.12982E-01  7.05522E+01  9.31117E+01
    2   -1.32243534E+00  2.08015E+00  5.19334E-01  5.19334E-01  2.08015E+00  1.57297E+00
    3   -2.07631482E+00  7.53879E-01  1.00814E+00  1.00814E+00  7.53879E-01  3.63085E-01
    4   -2.23485982E+00  1.58545E-01  6.35763E-01  6.35763E-01  1.58545E-01  7.09418E-02
    5   -2.23761792E+00  2.75810E-03  4.00231E-02  4.00231E-02  2.75810E-03  1.23261E-03
    6   -2.23817077E+00  5.52847E-04  5.74764E-03  5.74764E-03  5.52847E-04  2.47008E-04
    7   -2.23823663E+00  6.58547E-05  9.90862E-04  9.90862E-04  6.58547E-05  2.94226E-05
    8   -2.23825180E+00  1.51763E-05  7.12900E-04  7.12900E-04  1.51763E-05  6.78045E-06
    9   -2.23825500E+00  3.20221E-06  7.00469E-04  7.00469E-04  3.20221E-06  1.43067E-06
   10   -2.23825616E+00  1.15484E-06  3.65632E-04  3.65632E-04  1.15484E-06  5.15953E-07
   11   -2.23825720E+00  1.03869E-06  2.57457E-04  2.57457E-04  1.03869E-06  4.64063E-07
   12   -2.23825726E+00  5.83913E-08  3.12270E-05  3.12270E-05  5.83913E-08  2.60878E-08
   13   -2.23825728E+00  1.85233E-08  9.04931E-05  9.04931E-05  1.85233E-08  8.27576E-09
   14   -2.23825729E+00  1.16656E-08  4.94759E-05  4.94759E-05  1.16656E-08  5.21193E-09
   15   -2.23825729E+00  7.73512E-09  8.17372E-06  8.17372E-06  7.73512E-09  3.45587E-09
   16   -2.23825730E+00  9.12037E-10  5.46533E-06  5.46533E-06  9.12037E-10  4.07476E-10
   17   -2.23825730E+00  8.81335E-11  1.12836E-06  1.12836E-06  8.81335E-11  3.93759E-11
   18   -2.23825730E+00  2.24921E-10  1.13408E-06  1.13408E-06  2.24921E-10  1.00490E-10
   19   -2.23825730E+00  6.19416E-12  1.10950E-06  1.10950E-06  6.19416E-12  2.76740E-12
   20   -2.23825730E+00  3.58868E-12  6.22848E-07  6.22848E-07  3.58868E-12  1.60334E-12
   21   -2.23825730E+00  4.81837E-13  3.52922E-07  3.52922E-07  4.81837E-13  2.15273E-13
